  183.8624   42.1111
  123.3574   37.7340
  122.1929   36.4002
  105.9258   35.7457
  143.4597   35.9988
  141.6795   43.6713
  114.2567   45.7635
   75.8534   26.8184
   76.5496   28.0437
   77.0040   39.9695
   38.2360   26.3621
  145.8450   40.4590
  106.8772   38.8581
  120.0492   35.4549
  132.2035   39.8783
   62.1704   38.4098
  159.9373   36.1014
  141.1848   33.4496
  137.4827   37.2630
   68.2757   32.4984
   68.7969   30.6835
  132.8592   46.8949
   68.0261   45.9899
  116.7545   33.2619
  143.4444   39.9695
   58.9793   29.4742
   75.4991   27.5818
  128.4585   37.7324
  117.4956   32.9701
  103.4433   40.4155
   66.0330   31.1138
  113.4733   32.5336
  118.7656   35.9711
   83.5143   37.7994
  125.2119   41.5392
  109.2624   40.7887
   91.9307   34.2923
   69.3282   38.0726
  105.2377   36.9580
  115.5156   38.4929
  159.2245   48.2882
  120.2322   45.6284
  150.9904   48.4463
  122.7029   36.4500
  180.7978   43.2974
  105.8680   35.5730
   39.0314   37.2318
   23.9047   24.4337
   78.8812   28.2015
   42.7886   31.6838
   17.8239   29.5295
   41.5080   33.8869
   89.7889   33.7394
   86.3379   30.0577
   22.5648   34.4167
   23.1308   34.1681
  107.1676   34.7898
   56.2933   35.0782
   86.7541   35.0128
  113.5980   33.3057
   29.2791   31.5328
   82.2690   33.4388
   46.7859   35.6480
  100.5790   40.8906
   95.9445   33.7863
   57.3255   28.8601
  165.4327   33.8922
   69.0449   39.3767
   55.0861   29.8217
   95.8191   34.7341
  163.9919   44.1031
   83.6361   36.8426
   47.7676   31.3899
  118.5338   37.1991
  174.4027   37.6610
  164.4592   38.9105
   89.1487   34.6755
  118.7606   37.4224
  123.4022   35.1917
   83.6882   30.6634
  142.7937   34.2165
   44.7119   34.6826
   24.9026   33.1034
  119.3377   36.3090
   87.1917   39.9522
  126.9618   36.0952
   28.6774   35.2949
  119.6581   31.4557
   45.9785   31.8663
   23.7974   34.3280
