   33.4441   31.4233
   27.3300   26.3025
   55.5328   28.5236
   32.8421   16.0876
   13.7171   15.4768
   15.6489   17.4725
   12.9779   27.3939
    9.6128   28.2857
   18.0096   25.6809
   32.1174   17.9683
   15.8554   17.4032
   50.7812   21.4141
   29.5729   24.8093
   23.5986   22.0206
   23.9284   24.8604
   12.3602   32.4542
   13.2749   24.1805
   31.4594   23.1442
   57.7479   27.2992
   30.9933   25.5161
   25.8680   25.3985
   59.8506   21.3897
   13.8026   20.2917
   37.9115   23.4864
   44.4250   24.0949
   53.6868   23.5476
   12.4342   20.2848
   50.9927   27.2278
   59.3261   30.4174
   22.9425   32.6497
   42.4145   18.1134
   59.9579   17.5148
    2.9661   17.7741
   33.2008   23.6515
   47.0532   22.2115
   39.0683   24.7969
    6.0920   17.4183
   39.0097   19.0507
   63.6397   21.1855
   97.5172   27.8318
   15.6099   29.8966
   49.5437   26.5550
   21.1690   25.8482
   24.0381   26.2765
   55.2153   21.5204
   17.5088   34.9248
   17.9715   28.4287
   21.1878   35.8855
   32.9659   20.4081
    2.7435   20.1071
   13.1133   20.7150
    7.8684   25.0744
   13.2015   21.9731
   14.3593   27.5217
   19.7280   23.3928
   20.5361   21.4629
   15.6660   19.4821
   20.9659   18.2578
   22.7656   13.9912
   14.9301   14.6919
   10.6233   21.9059
   34.5814   19.4864
   17.5970   20.1148
    7.4330   12.0348
   12.1249   13.3573
   14.8365   12.9457
   30.5718   20.5530
   12.7748   20.3417
    7.7225   19.2234
  105.0116   28.3687
   19.8074   23.6942
   21.6522   19.5618
   41.7020   25.2739
   28.1499   31.6330
   35.7996   21.4122
  101.5791   18.3079
   92.4180   21.9277
   78.9027   19.3799
    8.1965   20.3950
   85.3707   19.8485
   25.2774   20.4834
   32.5495   19.3667
   44.2788   21.4222
   21.0314   20.9707
   16.1867   14.0888
   18.1115   16.1342
   76.6286   16.9997
   36.2586   22.1049
   82.6687   20.9333
   39.5454   18.9851
   50.9636   19.2745
   28.6621   15.1257
   21.2764   14.6127
   31.7190   25.2771
   51.7701   25.7980
    7.7225   19.2234
   28.8301   22.6127
   36.6167   23.9036
   35.8714   25.4167
   24.9640   28.7651
   26.3240   25.1448
   58.5147   29.3142
   17.1298   20.3867
   96.4062   19.2326
   51.4394   19.3875
   21.3730   19.4230
   18.2655   14.9212
   65.9466   15.8644
    5.2542   16.4295
    8.6361   15.9603
    8.2827   19.2305
   10.4763   17.5198
   29.4011   17.2372
   40.9953   18.7989
   13.3409   18.1532
   32.4544   23.2615
   26.8485   21.0694
    9.2964   12.7391
   22.0749   13.9631
   22.9234   13.5351
   16.9489   19.8741
   18.1622   20.1038
   63.5347   21.5090
    8.8879   16.1418
    8.1774   15.3746
   18.5121   13.8813
   12.6527   15.0872
    2.7771   14.3385
   19.6173   16.0145
    7.7375   11.9831
   10.0135   11.8003
    8.1284   12.0597
   17.2750   14.0374
   21.9707   15.4830
   24.1647   15.7852
